0.523349 0.634156
0.951665 0.589366
0.0713382 0.0872353
0.195226 0.243737
0.775639 0.23239
0.671812 0.222321
0.779641 0.98605
0.230801 0.0992423
0.0891858 0.224877
0.981957 0.731334
0.532779 0.965285
0.368853 0.439457
0.939926 0.354781
0.13673 0.312126
0.333977 0.28039
0.951772 0.171949
0.809308 0.381661
0.147779 0.775687
0.474601 0.469538
0.404509 0.235267
0.303738 0.527106
0.952 0.102252
0.193533 0.72878
0.199473 0.855966
0.838942 0.911333
0.115015 0.553915
0.710225 0.265678
0.59593 0.311035
0.274552 0.868714
0.989793 0.524863
0.319198 0.955197
0.293904 0.35211
0.825182 0.143569
0.154626 0.375951
0.435423 0.117194
0.67044 0.0985318
0.831569 0.705603
0.835773 0.650709
0.832693 0.355203
0.741207 0.408337
0.171008 0.710168
0.996673 0.400521
0.170783 0.523511
0.214588 0.895712
0.167777 0.077442
0.227756 0.599283
0.823983 0.467783
0.0898059 0.395092
0.928478 0.423339
0.100652 0.367414
0.721424 0.352205
0.0384898 0.165009
0.488701 0.647772
0.193643 0.213226
0.0168445 0.530599
0.348473 0.882745
0.362063 0.673326
0.656064 0.637834
0.701677 0.591756
0.750501 0.210663
0.565289 0.465787
0.209223 0.983333
0.950943 0.737334
0.876478 0.389353
0.861273 0.347492
0.973079 0.689245
0.760405 0.638444
0.884375 0.961561
0.557277 0.499068
0.0577313 0.932933
0.926634 0.157653
0.338407 0.640005
0.219848 0.370884
0.95717 0.444305
0.780109 0.784724
0.634915 0.565641
0.659691 0.308909
0.858487 0.105339
0.829916 0.20396
0.0413211 0.0361463
0.917094 0.106974
0.440335 0.392539
0.00822416 0.930375
0.742332 0.719373
0.293747 0.478343
0.18836 0.38055
0.370824 0.100391
0.323754 0.898827
0.470838 0.621086
0.178754 0.437873
0.293635 0.228901
0.831148 0.818746
0.635866 0.0419573
0.88489 0.841498
0.999577 0.70513
0.320759 0.217242
0.458115 0.164617
0.694872 0.867871
0.500328 0.710854
0.106092 0.581869
0.335589 0.817317
0.571042 0.148639
0.730407 0.629105
0.13265 0.803336
0.534089 0.874969
0.561421 0.794282
0.168003 0.318739
0.987524 0.804168
0.666697 0.0299405
0.667434 0.582018
0.498242 0.0378895
0.155397 0.161969
0.0156779 0.346913
0.427163 0.506397
0.578393 0.371998
0.824032 0.551497
0.990204 0.0359196
0.512767 0.668578
0.219618 0.462089
0.151061 0.191718
0.17055 0.587028
0.0813958 0.639602
0.588725 0.252422
0.322524 0.662227
0.749968 0.986089
0.791423 0.548661
0.825229 0.282651
0.549338 0.125604
0.69773 0.38025
0.782394 0.908329
0.688892 0.967814
0.94448 0.859508
0.337883 0.0626205
0.640263 0.889758
0.142573 0.435071
0.464069 0.0339192
0.959201 0.531588
0.861117 0.21007
0.882241 0.637627
0.194928 0.914567
0.154227 0.461941
0.867107 0.288023
0.183049 0.185457
0.848041 0.382091
0.475813 0.587355
0.213296 0.953293
0.604601 0.100308
0.937584 0.283314
0.852377 0.966232
0.779998 0.664072
0.707502 0.802894
0.479102 0.0636381
0.39723 0.109584
0.359651 0.525893
0.404953 0.00420194
0.0668693 0.526506
0.624753 0.661726
0.586693 0.40446
0.562266 0.855032
0.373162 0.0426209
0.42369 0.766395
0.548392 0.532072
0.582446 0.281376
0.777363 0.328971
0.640766 0.00866175
0.111526 0.629707
0.579897 0.0774891
0.442571 0.533168
0.0457973 0.350889
0.67616 0.939156
0.310178 0.989554
0.771627 0.723682
0.397231 0.749986
0.138244 0.484875
0.804582 0.247394
0.696894 0.000708455
0.687524 0.528769
0.996881 0.46224
0.610128 0.440392
0.0852273 0.828828
0.143399 0.9283
0.941909 0.392766
0.768781 0.146854
0.727252 0.3839
0.262801 0.912594
0.126593 0.390178
0.113615 0.938382
0.385159 0.723242
0.0755313 0.559645
0.700569 0.210422
0.345485 0.307272
0.290456 0.894767
0.778687 0.617726
0.938842 0.764587
0.933813 0.315332
0.132251 0.662226
0.435892 0.0219169
0.097151 0.532641
0.225826 0.636758
0.485545 0.219921
0.318319 0.782435
0.801346 0.212586
0.0391333 0.994101
0.311091 0.868525
0.756319 0.176022
0.762593 0.458006
0.388737 0.348223
0.0568748 0.187668
0.973179 0.925307
0.145764 0.877958
0.67822 0.794762
0.108657 0.199951
0.935536 0.130509
0.0728438 0.417813
0.225708 0.400732
0.574164 0.549338
0.647728 0.483305
0.48998 0.430352
0.221442 0.666969
0.924034 0.19363
0.109615 0.322726
0.422078 0.573921
0.944072 0.672566
0.54101 0.0731423
0.695271 0.906846
0.196755 0.126851
0.845601 0.264463
0.907801 0.766525
0.714937 0.515385
0.046341 0.609296
0.89267 0.0607215
0.793247 0.455985
0.497047 0.391291
0.74075 0.772381
0.965591 0.411845
0.324054 0.546568
0.817845 0.773872
0.66186 0.157837
0.474017 0.529987
0.0659396 0.049676
0.0731162 0.282164
0.441862 0.992626
0.957781 0.224759
0.55365 0.824934
0.667493 0.189006
0.807709 0.895286
0.662792 0.547246
0.965499 0.134681
0.205033 0.493443
0.973079 0.275384
0.676047 0.403292
0.22808 0.344879
0.729803 0.439355
0.525111 0.507325
0.613577 0.600258
0.920438 0.881756
0.428762 0.0538861
0.952143 0.473057
0.386372 0.814948
0.247562 0.470881
0.932639 0.643303
0.363582 0.132527
0.691855 0.829324
0.0169326 0.730355
0.968693 0.836558
0.986106 0.436507
0.221944 0.752005
0.366533 0.760704
0.880313 0.992024
0.965374 0.0161449
0.491913 0.503209
0.0478324 0.494946
0.557891 0.0483867
0.0794156 0.753526
0.364675 0.0723303
0.140492 0.0972548
0.843455 0.844519
0.974112 0.764561
0.198115 0.324558
0.564102 0.576867
0.961435 0.792574
0.325206 0.612363
0.518341 0.132208
0.123 0.125014
0.429928 0.671985
0.600094 0.684486
0.817257 0.678127
0.329756 0.245254
0.739831 0.325514
0.436854 0.822123
0.396389 0.66106
0.0590256 0.809956
0.414099 0.542677
0.118607 0.0357745
0.964643 0.636495
0.434788 0.427677
0.754736 0.897041
0.914317 0.25683
0.386043 0.317101
0.745275 0.24322
0.616035 0.286278
0.452759 0.356467
0.70197 0.451069
0.204297 0.69562
0.326875 0.175565
0.0791985 0.496715
0.727741 0.744969
0.579871 0.206661
0.0660935 0.371747
0.925447 0.453354
0.455558 0.560845
0.832253 0.315745
0.280539 0.256069
0.0472843 0.106334
0.606112 0.22407
0.705625 0.122033
0.887528 0.195663
0.437754 0.323833
0.658519 0.257872
0.763831 0.844153
0.800935 0.306412
0.633325 0.532558
0.332585 0.51253
0.592173 0.724662
0.139311 0.714372
0.516712 0.268594
0.0410082 0.0736055
0.491519 0.556223
0.0973146 0.26108
0.446968 0.274303
0.915361 0.372587
0.892303 0.872245
0.0950523 0.888787
0.218261 0.191152
0.853222 0.00353089
0.257013 0.231468
0.768049 0.051787
0.31532 0.374172
0.536558 0.332583
0.522499 0.735939
0.498249 0.792772
0.46891 0.84308
0.372963 0.012295
0.640071 0.420523
0.613836 0.89295
0.250641 0.263955
0.889832 0.318796
0.133109 0.600206
0.980031 0.657939
0.533176 0.475937
0.731686 0.827307
0.414808 0.45761
0.0629815 0.899925
0.860128 0.724162
0.174374 0.997006
0.866361 0.240333
0.966253 0.881225
0.144794 0.987529
0.811253 0.963381
0.653897 0.966167
0.968617 0.37608
0.66693 0.994368
0.684018 0.287773
0.247472 0.17883
0.268737 0.449747
0.733933 0.0720519
0.244029 0.292106
0.824758 0.737745
0.840738 0.49168
0.249314 0.529925
0.695359 0.178931
0.468496 0.809794
0.268146 0.20413
0.48045 0.878227
0.170002 0.617919
0.186375 0.153865
0.0883733 0.989895
0.075402 0.155885
0.210508 0.428638
0.300031 0.92509
0.844031 0.520997
0.610945 0.0217531
0.170525 0.109021
0.652362 0.783568
0.276878 0.291462
0.670366 0.365522
0.649217 0.070427
0.056262 0.135326
0.012009 0.563626
0.86102 0.659306
0.144405 0.571761
0.640101 0.231419
0.857989 0.135012
0.226181 0.86897
0.113464 0.77032
0.831738 0.87931
0.018092 0.599978
0.758221 0.0878874
0.06175 0.667243
0.504723 0.296983
0.447494 0.787855
0.0894083 0.919438
0.361021 0.703674
0.583017 0.438877
0.00515062 0.7588
0.344535 0.575275
0.828513 0.0262035
0.993175 0.901323
0.134789 0.214555
0.654223 0.511909
0.503306 0.974262
0.341074 0.388837
0.805142 0.0962095
0.357658 0.261902
0.979109 0.557524
0.805382 0.930877
0.487248 0.12904
0.106006 0.471628
0.492785 0.355158
0.0476574 0.726202
0.17195 0.259524
0.698904 0.0888946
0.451603 0.301919
0.0440135 0.78247
0.42492 0.162319
0.297388 0.604267
0.99505 0.194312
0.397101 0.0704693
0.3552 0.608777
0.398881 0.920088
0.152725 0.133826
0.807333 0.579605
0.414453 0.370839
0.715561 0.705316
0.943902 0.821639
0.561916 0.30647
0.928461 0.920374
0.941356 0.612959
0.543751 0.442927
0.249687 0.743957
0.552545 0.612147
0.758399 0.118036
0.262344 0.589114
0.719571 0.852551
0.690821 0.650979
0.297385 0.447161
0.592577 0.871484
0.708516 0.940282
0.99598 0.367434
0.424449 0.70075
0.768001 0.488009
0.568423 0.70876
0.585843 0.658282
0.0755337 0.44456
0.548287 0.390843
0.739662 0.275555
0.0259082 0.319216
0.895812 0.555384
0.11975 0.00592185
0.297584 0.644798
0.71163 0.156601
0.139969 0.25819
0.963973 0.305468
0.505495 0.241562
0.575212 0.177688
0.671272 0.755014
0.98402 0.0994151
0.0296791 0.28913
0.42283 0.0885498
0.878579 0.503169
0.785594 0.361087
0.646451 0.283638
0.512569 0.897272
0.24802 0.987176
0.272587 0.547779
0.945423 0.253287
0.534872 0.297289
0.181164 0.555526
0.108581 0.502585
0.124309 0.16824
0.896042 0.134795
0.277834 0.625117
0.183922 0.675
0.827958 0.988311
0.520683 0.36929
0.765253 0.0175159
0.462599 0.101011
0.551151 0.762537
0.835657 0.0782411
0.331916 0.69135
0.582144 0.51556
0.0266152 0.848518
0.502473 0.756085
0.216593 0.821944
0.340839 0.853256
0.382899 0.46585
0.18584 0.290764
0.38835 0.622875
0.0595237 0.969316
0.170734 0.494112
0.584638 0.828688
0.582663 0.602435
0.541403 0.935828
0.794787 0.752424
0.0471379 0.875469
0.286298 0.324199
0.502966 0.473231
0.365021 0.923117
0.784606 0.0787507
0.241227 0.567067
0.651097 0.817025
0.402318 0.430425
0.68207 0.495846
0.0661866 0.245433
0.887354 0.358231
0.318544 0.425289
0.67734 0.0617984
0.860587 0.614744
0.411617 0.302106
0.987524 0.585644
0.113963 0.972311
0.722612 0.298275
0.338494 0.0323007
0.764348 0.754864
0.920807 0.696024
0.832353 0.43907
0.620988 0.986493
0.186341 0.791382
0.660215 0.33561
0.141356 0.629379
0.358792 0.33352
0.989788 0.863667
0.240081 0.433395
0.26148 0.0835645
0.617464 0.474217
0.674423 0.614939
0.650222 0.692758
0.623151 0.133493
0.719039 0.230677
0.471809 0.0012478
0.559192 0.639468
0.484525 0.1811
0.0684367 0.588067
0.254634 0.118363
0.906104 0.292465
0.0306918 0.692229
0.529596 0.0353551
0.750363 0.689342
0.794941 0.033809
0.420361 0.342874
0.261925 0.147522
0.638558 0.854564
0.278286 0.813998
0.151962 0.345385
0.409789 0.399355
0.418231 0.866378
0.300247 0.151363
0.392789 0.522327
0.54818 0.20035
0.134896 0.516734
0.737107 0.146004
0.511149 0.068174
0.906076 0.815596
0.101619 0.800174
0.123739 0.902007
0.829523 0.405959
0.950516 0.0442651
0.223716 0.249311
0.909835 0.620287
0.698377 0.0307281
0.888954 0.102298
0.635559 0.10028
0.890725 0.707455
0.350247 0.732777
0.57279 0.336573
0.62221 0.791563
0.466702 0.412988
0.0306476 0.461339
0.217116 0.0380431
0.2014 0.524913
0.927652 0.793995
0.368429 0.643971
0.0458667 0.266949
0.40242 0.490357
0.177604 0.966893
0.728912 0.58847
0.578326 0.756188
0.459296 0.499424
0.776389 0.577384
0.336036 0.761014
0.180214 0.0436453
0.393411 0.950821
0.784074 0.692039
0.379203 0.858234
0.763893 0.42923
0.730463 0.920032
0.779599 0.956324
0.71016 0.483544
0.533822 0.559212
0.641484 0.451358
0.290899 0.0818363
0.550636 0.730067
0.0555974 0.315011
0.333524 0.450424
0.919963 0.0453918
0.0243832 0.130265
0.31562 0.577249
0.475754 0.771419
0.0856046 0.117606
0.698562 0.739817
0.473868 0.329508
0.832165 0.235644
0.492646 0.096254
0.247742 0.810963
0.240941 0.689642
0.308105 0.0503203
0.148997 0.0528347
0.487477 0.683044
0.0806392 0.862762
0.438996 0.190564
0.0255563 0.201578
0.564478 0.682176
0.0798599 0.341305
0.227749 0.13491
0.235491 0.06644
0.919887 0.730876
0.536711 0.239064
0.991523 0.955042
0.809038 0.340146
0.142933 0.74341
0.321696 0.721739
0.767503 0.813304
0.895546 0.226827
0.257869 0.654501
0.848971 0.0492165
0.15238 0.286042
0.394267 0.69207
0.445005 0.593376
0.334598 0.144347
0.111455 0.739208
0.562099 0.976307
0.113966 0.832711
0.601909 0.571807
0.376316 0.376215
0.00876015 0.632301
0.671519 0.432432
0.341158 0.0049793
0.980835 0.24566
0.376192 0.204058
0.741328 0.661069
0.187554 0.824553
0.803511 0.426514
0.223626 0.312999
0.846587 0.756467
0.618471 0.821509
0.501675 0.614226
0.501389 0.860606
0.163451 0.226025
0.609556 0.374393
0.412553 0.975131
0.719648 0.975604
0.728666 0.106301
0.674541 0.463976
0.198858 0.60725
0.897069 0.907359
0.616861 0.403377
0.201707 0.0666023
0.311462 0.121765
0.659926 0.666373
0.709665 0.0570059
0.464073 0.207249
0.0143504 0.0963287
0.38892 0.259222
0.205493 0.574537
0.404135 0.0353855
0.478287 0.256699
0.743103 0.510352
0.848329 0.790386
0.792108 0.124083
0.0897091 0.608166
0.147145 0.542956
0.79403 0.276353
0.966799 0.496987
0.306411 0.80709
0.278781 0.172477
0.915236 0.581033
0.419629 0.641764
0.562002 0.0993917
0.980875 0.163761
0.728135 0.189064
0.921958 0.0774015
0.963888 0.199291
0.801938 0.00365274
0.584349 0.914196
0.248983 0.888541
0.282892 0.512854
0.549634 0.359619
0.616748 0.0696092
0.301323 0.192438
0.527935 0.778016
0.165059 0.651703
0.30759 0.839689
0.554205 0.0095066
0.088102 0.688758
0.457753 0.655339
0.568003 0.886981
0.0146124 0.978179
0.682791 0.137065
0.890006 0.599778
0.642767 0.930502
0.0472266 0.398746
0.609845 0.19096
0.51605 0.20993
0.278016 0.746851
0.859427 0.454425
0.831949 0.619866
0.8561 0.690104
0.794306 0.830669
0.169727 0.752732
0.345855 0.204293
0.720531 0.889091
0.871094 0.0301431
0.161146 0.808348
0.0880085 0.183438
0.945471 0.97979
0.0427505 0.538017
0.458727 0.136865
0.895386 0.454726
0.995369 0.130218
0.320505 0.485346
0.911172 0.993127
0.593769 0.957787
0.0831205 0.724029
0.87083 0.578779
0.458258 0.928842
0.359113 0.95246
0.367511 0.49712
0.804246 0.646409
0.994346 0.490101
0.0116276 0.785889
0.340805 0.106979
0.499894 0.00837978
0.764302 0.384287
0.899739 0.168608
0.104277 0.146734
0.231007 0.00889151
0.541554 0.160134
0.256483 0.323705
0.288851 0.958022
0.0299914 0.238139
0.0262507 0.814465
0.249918 0.0376945
0.112011 0.446586
0.719383 0.547273
0.80207 0.489767
0.0638246 0.00897259
0.801864 0.716111
0.794597 0.160165
0.0894963 0.0257193
0.421463 0.730233
0.305042 0.751675
0.348384 0.415499
0.153315 0.0218288
0.415708 0.271463
0.282123 0.382189
0.350137 0.473226
0.704477 0.623742
0.925462 0.222754
0.627483 0.320784
0.935802 0.012159
0.470448 0.968598
0.460367 0.689556
0.250254 0.620549
0.703519 0.771845
0.612175 0.925453
0.604523 0.540436
0.149848 0.684985
0.0853468 0.308009
0.664848 0.909629
0.889496 0.738027
0.264151 0.493735
0.860003 0.419969
0.220731 0.789478
0.232271 0.504166
0.530209 0.699299
0.276948 0.0513087
0.635876 0.356796
0.686701 0.685685
0.196538 0.764323
0.906918 0.517111
0.973024 0.977896
0.983674 0.613287
0.874744 0.478083
0.620954 0.73234
0.514297 0.443106
0.287537 0.569997
0.621799 0.701143
0.482849 0.91072
0.123418 0.0676721
0.373383 0.894132
0.52418 0.101225
0.693147 0.342195
0.78047 0.515821
0.906409 0.400705
0.377521 0.980827
0.265754 0.939609
0.218344 0.162015
0.521757 0.182242
0.430892 0.903548
0.407435 0.837247
0.870002 0.932193
0.532868 0.59336
0.579343 0.02241
0.226093 0.718531
0.141726 0.840731
0.451345 0.071382
0.0321836 0.951526
0.299096 0.681842
0.447313 0.246596
0.564673 0.233
0.603498 0.157338
0.0433081 0.754701
0.985066 0.0659035
0.68717 0.250325
0.557304 0.41771
0.196052 0.0153378
0.647892 0.387985
0.955999 0.073078
0.33441 0.927359
0.318546 0.0874826
0.123441 0.351392
0.72829 0.0104111
0.249851 0.777428
0.763075 0.931882
0.905493 0.938387
0.322472 0.334727
0.861038 0.867379
0.278709 0.985974
0.077373 0.782267
0.258937 0.356581
0.593228 0.0502846
0.569508 0.942269
0.0182355 0.0209046
0.342412 0.976811
0.945024 0.562801
0.378842 0.406395
0.309537 0.303755
0.0562448 0.84201
0.0512811 0.635467
0.438682 0.473694
0.513075 0.930661
0.643284 0.599058
0.589809 0.991469
0.668308 0.876733
0.909521 0.660607
0.918263 0.844756
0.875524 0.532388
0.627204 0.629978
0.103828 0.664406
0.595436 0.631929
0.201223 0.0957474
0.252466 0.388778
0.682359 0.715311
0.293421 0.713722
0.0146945 0.425653
0.36342 0.552297
0.440669 0.62391
0.873888 0.764759
0.849586 0.176968
0.783468 0.871063
0.605019 0.763579
0.501625 0.158024
0.162236 0.908191
0.0660724 0.468383
0.49661 0.826723
0.912826 0.33678
0.899652 0.0231806
0.507367 0.327891
0.38559 0.150715
0.0296652 0.655209
0.393967 0.178556
0.590568 0.795464
0.441324 0.960105
0.528221 0.998477
0.400986 0.886912
0.179516 0.881597
0.0598469 0.699228
0.0164804 0.881073
0.866355 0.817971
0.376145 0.288902
0.546576 0.906937
0.229825 0.217362
0.854039 0.554629
0.16754 0.849873
0.781248 0.192855
0.86001 0.315631
0.391847 0.564001
0.869508 0.0753387
0.741827 0.953754
0.410435 0.604298
0.271328 0.679817
0.453824 0.888563
0.145252 0.95666
0.828293 0.113637
0.458413 0.445963
0.46951 0.38013
0.356305 0.793863
0.610161 0.850513
0.11582 0.864935
0.154579 0.408159
0.262658 0.713851
0.0922482 0.0631269
0.752861 0.3548
0.768164 0.267904
0.526355 0.809544
0.0107412 0.163895
0.738978 0.0383149
0.479922 0.732278
0.603896 0.34348
0.52689 0.843551
0.997792 0.2976
0.653332 0.1262
0.759591 0.537972
0.412655 0.13601
0.952316 0.945952
0.426062 0.93552
0.00559872 0.672107
0.112268 0.418321
0.736358 0.47353
0.388909 0.782282
0.811776 0.0585252
0.271116 0.842053
0.119359 0.239391
0.346177 0.358947
0.914306 0.483964
0.624194 0.95641
0.812673 0.519988
0.0852261 0.953693
0.409507 0.203919
0.0409654 0.572035
0.867601 0.898621
0.993449 0.00096173
0.239619 0.844473
0.63969 0.202069
0.182405 0.939546
0.268475 0.417357
0.211643 0.279039
0.999696 0.833442
0.887448 0.677587
0.811071 0.854273
0.71509 0.67128
0.283512 0.116196
0.653383 0.725007
0.889686 0.425707
0.747641 0.86827
0.886104 0.792561
0.540901 0.664888
0.740446 0.798296
0.106988 0.0947405
0.510983 0.533565
0.666811 0.843168
0.925266 0.541881
0.507049 0.581521
0.229576 0.925688
0.451492 0.751352
0.838031 0.586552
0.553434 0.267853
0.818271 0.175009
0.620857 0.255345
0.920808 0.963001
0.434818 0.224372
0.870948 0.159982
0.305402 0.269513
0.0414509 0.432092
0.836583 0.940697
0.453277 0.718434
0.61438 0.506113
0.705816 0.416474
0.886031 0.26464
0.11474 0.285645
0.00120766 0.224865
0.280278 0.781169
0.807279 0.801709
0.47921 0.290935
0.745351 0.56143
0.00763017 0.263711
0.784966 0.405027
0.989043 0.328857
0.963279 0.34059
0.22055 0.54503
0.950855 0.707879
0.804436 0.610832
0.634028 0.16802
0.185993 0.351992
0.0316095 0.91118
0.443929 0.855302
0.271636 0.0164875
0.948197 0.902348
0.188855 0.466203
0.488408 0.944773
0.520773 0.409564
0.196446 0.642163
0.365961 0.232003
0.113714 0.702115
0.76324 0.302367
0.362925 0.831638
0.63785 0.757012
0.0145088 0.0608474
0.588408 0.123793
0.754361 0.599287
0.187295 0.407601
0.377484 0.589095
0.415346 0.799338
0.589705 0.480252
0.025403 0.382987
0.303489 0.0196672
0.937062 0.507213
0.0218941 0.496215
0.700575 0.31585
0.0568557 0.215922
0.692769 0.562703
0.244334 0.959027
0.358272 0.170754
0.299854 0.406472
